1 0.15 0.170324 0.275 0.340647
1 0.0625 0.216776 0.1 0.389311
1 0.1375 0.216776 0.25 0.389311
1 0.91875 0.269863 0.1625 0.353919
1 0.05 0.287559 0.075 0.389311
1 0.15625 0.411431 0.3125 0.495487
1 0.15625 0.340647 0.3125 0.212352
1 0.16875 0.411431 0.3375 0.353919
1 0.2375 0.482215 0.25 0.495487
1 0.20625 0.482215 0.4125 0.495487
1 0.24375 0.393735 0.4875 0.389311
1 0.4125 0.411431 0.25 0.424703
1 0.375 0.411431 0.475 0.424703
1 0.83125 0.411431 0.3375 0.353919
1 0.1625 0.322951 0.3 0.17696
1 0.2375 0.340647 0.25 0.141568
1 0.275 0.305255 0.275 0.212352
1 0.21875 0.305255 0.4375 0.212352
1 0.45 0.446823 0.275 0.424703
1 0.86875 0.322951 0.2625 0.247743
1 0.1125 0.482215 0.2 0.495487
1 0.8625 0.358343 0.25 0.247743
1 0.86875 0.464519 0.2625 0.460095
1 0.3375 0.535303 0.1 0.460095
1 0.9 0.276499 0.175 0.552999
1 0.1 0.606087 0.175 0.318527
1 0.18125 0.676871 0.3625 0.389311
1 0.775 0.659175 0.125 0.353919
1 0.89375 0.641479 0.2125 0.460095
1 0.4 0.676871 0.125 0.460095
1 0.8125 0.694567 0.25 0.353919
1 0.8125 0.659175 0.1 0.424703
1 0.8625 0.676871 0.2 0.460095
1 0.95625 0.676871 0.0874999 0.460095
1 0.1875 0.694567 0.1 0.424703
1 0.65 0.676871 0.475 0.460095
1 0.6625 0.588391 0.5 0.283135
1 0.7875 0.676871 0.25 0.460095
1 0.85 0.694567 0.275 0.424703
1 0.1125 0.712262 0.2 0.389311
1 0.2375 0.712263 0.25 0.460095
1 0.18125 0.76535 0.3625 0.353919
1 0.275 0.783046 0.225 0.318527
1 0.4125 0.729958 0.15 0.424703
1 0.45 0.676871 0.025 0.17696
1 0.55 0.76535 0.225 0.353919
1 0.75 0.712263 0.125 0.460095
1 0.7875 0.729958 0.15 0.495487
1 0.05 0.783046 0.075 0.389311
1 0.1 0.783046 0.175 0.318527
1 0.18125 0.758803 0.3625 0.482393
1 0.2125 0.758803 0.2 0.482393
1 0.2 0.811891 0.325 0.376217
1 0.325 0.811891 0.425 0.376217
1 0.55 0.747654 0.225 0.247743
1 0.5125 0.800742 0.15 0.353919
1 0.6125 0.800742 0.15 0.353919
1 0.95 0.76535 0.0749999 0.424703
1 0.25 0.676871 0.425 0.318527
1 0.25 0.694567 0.275 0.283135
1 0.4 0.676871 0.125 0.318527
1 0.6625 0.794195 0.25 0.411609
1 0.4625 0.811891 0.2 0.376217
1 0.575 0.76535 0.175 0.212352
1 0.5375 0.811891 0.35 0.376217
1 0.5875 0.783046 0.4 0.247743
1 0.96875 0.864979 0.0625 0.270042
1 0.725 0.741108 0.525 0.517785
1 0.75625 0.836134 0.4875 0.283135
1 0.7125 0.836134 0.35 0.283135
1 0.8375 0.836134 0.25 0.283135
1 0.8625 0.847283 0.25 0.305433
1 0.93125 0.847283 0.1375 0.305433
1 0.3625 0.953459 0.25 0.093082
1 0.93125 0.705716 0.1375 0.588569
1 0.1 0.918067 0.175 0.163866
1 0.3375 0.953459 0.55 0.093082
1 0.3 0.953459 0.375 0.093082
1 0.6 0.811891 0.425 0.376217
1 0.96875 0.918067 0.0625 0.163866
1 0.19375 0.953459 0.3875 0.093082
0 0.1625 0.179172 0.325 0.358343
0 0.2125 0.214564 0.425 0.429127
0 0.3 0.214564 0.45 0.429127
0 0.4 0.214564 0.45 0.429127
0 0.5 0.214564 0.45 0.429127
0 0.6 0.214564 0.45 0.429127
0 0.7 0.214564 0.45 0.429127
0 0.7875 0.214564 0.425 0.429127
0 0.8375 0.214564 0.325 0.429127
0 0.4625 0.966731 0.1625 0.066538
1 0.18125 0.117236 0.3625 0.234471
1 0.86875 0.117236 0.2625 0.234471
1 0.88125 0.117236 0.2375 0.234471
1 0.09375 0.117236 0.1875 0.234471
1 0.475 0.134932 0.425 0.269863
1 0.88125 0.134932 0.2375 0.269863
1 0.89375 0.134932 0.2125 0.269863
1 0.13125 0.134932 0.2625 0.269863
1 0.675 0.152628 0.425 0.305255
1 0.88125 0.152628 0.2375 0.305255
1 0.15 0.152628 0.275 0.305255
1 0.18125 0.170324 0.3625 0.340647
1 0.725 0.170324 0.425 0.340647
1 0.86875 0.170324 0.2625 0.340647
1 0.88125 0.18802 0.2375 0.376039
1 0.11875 0.482215 0.2375 0.566271
1 0.11875 0.634932 0.2375 0.730137
0 0.25 0.214564 0.45 0.429127
0 0.8875 0.214564 0.225 0.429127
