1 0.55 0.146484 0.425 0.292969
1 0.55 0.240234 0.425 0.480469
1 0.625 0.240234 0.425 0.480469
1 0.6875 0.146484 0.4 0.292969
1 0.06875 0.165234 0.1375 0.330469
1 0.08125 0.165234 0.1625 0.330469
1 0.18125 0.165234 0.3625 0.330469
1 0.25 0.165234 0.425 0.330469
1 0.575 0.165234 0.525 0.330469
1 0.86875 0.165234 0.2625 0.330469
1 0.25 0.258984 0.425 0.517969
1 0.2875 0.183984 0.3 0.367969
1 0.4 0.183984 0.675 0.367969
1 0.7125 0.183984 0.45 0.367969
1 0.81875 0.183984 0.3625 0.367969
1 0.89375 0.183984 0.2125 0.367969
1 0.3125 0.296484 0.45 0.592969
1 0.4875 0.202734 0.5 0.405469
1 0.80625 0.277734 0.3875 0.555469
1 0.4125 0.390234 0.65 0.780469
1 0.5375 0.386719 0.4 0.4875
1 0.78125 0.480469 0.4375 0.75
1 0.80625 0.405469 0.3875 0.525
1 0.375 0.405469 0.475 0.6
1 0.475 0.367969 0.525 0.675
1 0.84375 0.536719 0.3125 0.7125
1 0.525 0.499219 0.425 0.4875
1 0.4875 0.649219 0.45 0.6375
1 0.55 0.574219 0.425 0.4875
1 0.81875 0.758984 0.3625 0.482031
1 0.88125 0.758984 0.2375 0.482031
1 0.80625 0.777734 0.3875 0.444531
1 0.84375 0.777734 0.3125 0.444531
1 0.89375 0.758984 0.2125 0.482031
1 0.1 0.0902344 0.175 0.180469
1 0.09375 0.0527344 0.1875 0.105469
0 0.20625 0.0527344 0.4125 0.105469
0 0.14375 0.0527344 0.2875 0.105469
0 0.3625 0.0527344 0.2 0.105469
1 0.35 0.0339844 0.225 0.0679687
0 0.5625 0.0527344 0.3 0.105469
0 0.6625 0.0339844 0.55 0.0679687
0 0.78125 0.0339844 0.4375 0.0679687
0 0.83125 0.0902344 0.3375 0.180469
1 0.09375 0.0714844 0.1875 0.142969
0 0.3625 0.127734 0.2 0.255469
1 0.35 0.127734 0.225 0.255469
0 0.7 0.0527344 0.575 0.105469
1 0.65 0.146484 0.525 0.292969
0 0.8875 0.0339844 0.2 0.0679687
1 0.8375 0.108984 0.3 0.217969
1 0.05 0.0527344 0.075 0.105469
1 0.08125 0.127734 0.1625 0.255469
1 0.1 0.0527344 0.175 0.105469
0 0.24375 0.183984 0.4875 0.367969
0 0.78125 0.127734 0.4375 0.255469
1 0.05 0.146484 0.075 0.292969
1 0.35 0.165234 0.175 0.330469
1 0.4 0.146484 0.125 0.292969
1 0.4625 0.127734 0.25 0.255469
1 0.55 0.146484 0.275 0.292969
0 0.83125 0.183984 0.3375 0.367969
1 0.84375 0.183984 0.3125 0.367969
1 0.1 0.183984 0.175 0.367969
1 0.15625 0.142969 0.3125 0.15
1 0.24375 0.236719 0.4875 0.3375
1 0.2625 0.217969 0.25 0.3
1 0.4375 0.165234 0.2 0.330469
0 0.7125 0.180469 0.45 0.3
1 0.7125 0.199219 0.3 0.2625
1 0.04375 0.217969 0.0875 0.3
1 0.2125 0.236719 0.35 0.3375
1 0.525 0.165234 0.325 0.330469
1 0.525 0.199219 0.375 0.2625
0 0.78125 0.217969 0.4375 0.3
1 0.88125 0.217969 0.2375 0.3
1 0.08125 0.255469 0.1625 0.375
1 0.3375 0.255469 0.6 0.375
1 0.4375 0.274219 0.2 0.4125
1 0.525 0.330469 0.375 0.525
1 0.7375 0.199219 0.2 0.2625
1 0.1 0.274219 0.175 0.4125
1 0.18125 0.274219 0.3625 0.4125
0 0.7375 0.255469 0.4 0.15
1 0.24375 0.390234 0.4875 0.780469
1 0.1 0.367969 0.175 0.375
1 0.7625 0.424219 0.2 0.3375
1 0.05 0.386719 0.075 0.3375
1 0.08125 0.386719 0.1625 0.3375
1 0.83125 0.424219 0.3375 0.4125
1 0.7625 0.442969 0.35 0.375
1 0.18125 0.405469 0.3625 0.45
1 0.5 0.442969 0.525 0.375
1 0.70625 0.442969 0.5875 0.375
1 0.1 0.461719 0.175 0.4125
1 0.5125 0.517969 0.55 0.675
1 0.6 0.424219 0.425 0.4875
1 0.71875 0.536719 0.5625 0.7125
1 0.86875 0.480469 0.2625 0.375
1 0.18125 0.517969 0.3625 0.375
1 0.28125 0.517969 0.5625 0.375
1 0.5 0.611719 0.675 0.5625
1 0.55 0.461719 0.275 0.4875
1 0.04375 0.649219 0.0875 0.3375
1 0.1 0.630469 0.175 0.375
1 0.08125 0.667969 0.1625 0.375
1 0.18125 0.667969 0.3625 0.375
1 0.05 0.705469 0.075 0.375
1 0.1 0.705469 0.175 0.375
0 0.756318 0.0105469 0.100118 0.0210937
1 0.983437 0.0105468 0.0293741 0.0210937
1 0.982093 0.0551879 0.0266853 0.110376
1 0.984375 0.0105469 0.03125 0.0210937
0 0.946875 0.0773693 0.10625 0.0749489
0 0.940659 0.0773437 0.118682 0.075
0 0.946875 0.0772288 0.10625 0.0374213
0 0.946875 0.0679841 0.106251 0.0187806
0 0.971893 0.0960672 0.056214 0.0749469
0 0.978125 0.128282 0.0437501 0.122104
0 0.984375 0.124294 0.03125 0.1314
0 0.984375 0.190545 0.03125 0.148596
0 0.984375 0.217944 0.03125 0.131201
0 0.983389 0.217011 0.029278 0.0956749
0 0.984374 0.190125 0.0312516 0.0744378
0 0.982913 0.239755 0.0283278 0.162678
0 0.984375 0.208577 0.0312501 0.0750338
0 0.984374 0.236717 0.0312528 0.0562532
0 0.983181 0.557169 0.033638 0.165349
0 0.971882 0.580846 0.0562357 0.139333
0 0.984152 0.583542 0.0316951 0.149886
1 0.05625 0.127734 0.1125 0.255469
1 0.06875 0.0714844 0.1375 0.142969
1 0.15625 0.0714844 0.3125 0.142969
0 0.2125 0.0527344 0.4 0.105469
0 0.75 0.0902344 0.425 0.180469
0 0.2125 0.202734 0.4 0.405469
0 0.3875 0.240234 0.4 0.480469
0 0.86875 0.161719 0.2625 0.2625
0 0.15 0.202734 0.275 0.405469
0 0.89375 0.296484 0.2125 0.592969
0 0.7625 0.180469 0.3 0.3
0 0.89375 0.311719 0.2125 0.5625
0 0.7125 0.315234 0.4 0.630469
0 0.7625 0.349219 0.3 0.5625
0 0.525 0.386719 0.425 0.6375
0 0.2375 0.461719 0.4 0.5625
0 0.25 0.390234 0.425 0.780469
1 0.08125 0.480469 0.1625 0.45
0 0.75 0.461719 0.425 0.7875
0 0.825 0.480469 0.125 0.225
0 0.88125 0.480469 0.2375 0.75
0 0.5 0.536719 0.425 0.7875
0 0.88125 0.592969 0.2375 0.675
0 0.88125 0.702734 0.2375 0.594531
0 0.775 0.705469 0.275 0.525
0 0.91875 0.705469 0.1625 0.525
0 0.91875 0.796484 0.1625 0.407031
0 0.3625 0.758984 0.4 0.482031
0 0.6875 0.796484 0.4 0.407031
0 0.15 0.927734 0.275 0.144531
0 0.15 0.777734 0.275 0.444531
0 0.3625 0.890234 0.4 0.219531
0 0.91875 0.890234 0.1625 0.219531
0 0.15 0.908984 0.275 0.182031
0 0.15 0.908984 0.275 0.182031
0 0.91875 0.852734 0.1625 0.294531
1 0.978125 0.932422 0.0437501 0.135156
0 0.975 0.969922 0.0375 0.0601563
0 0.425 0.0902344 0.525 0.180469
0 0.5125 0.146484 0.15 0.292969
0 0.475 0.0339844 0.275 0.0679687
1 0.6125 0.127734 0.75 0.255469
1 0.66875 0.127734 0.6625 0.255469
1 0.76875 0.127734 0.4625 0.255469
0 0.81875 0.127734 0.3625 0.255469
0 0.83125 0.0714844 0.3375 0.142969
0 0.86875 0.0714844 0.2625 0.142969
0 0.18125 0.0527344 0.3625 0.105469
1 0.5125 0.108984 0.2 0.217969
0 0.45 0.0527344 0.225 0.105469
0 0.84375 0.165234 0.3125 0.330469
1 0.2875 0.127734 0.2 0.255469
1 0.2375 0.127734 0.35 0.255469
1 0.4875 0.127734 0.2 0.255469
0 0.45 0.221484 0.225 0.442969
0 0.575 0.258984 0.525 0.517969
1 0.2625 0.165234 0.4 0.330469
1 0.35 0.165234 0.475 0.330469
1 0.45 0.165234 0.125 0.330469
0 0.525 0.146484 0.075 0.292969
1 0.3 0.183984 0.275 0.367969
0 0.325 0.258984 0.525 0.517969
0 0.525 0.161719 0.075 0.2625
0 0.5 0.180469 0.125 0.225
0 0.75625 0.202734 0.4875 0.405469
0 0.84375 0.349219 0.3125 0.3375
0 0.85625 0.292969 0.2875 0.225
1 0.175 0.311719 0.175 0.3375
1 0.2375 0.311719 0.1 0.3375
0 0.7 0.424219 0.375 0.3375
1 0.1875 0.349219 0.15 0.3375
0 0.65 0.405469 0.125 0.225
0 0.84375 0.330469 0.3125 0.15
1 0.2125 0.367969 0.1 0.375
1 0.275 0.349219 0.175 0.4125
1 0.35 0.349219 0.375 0.4125
1 0.65 0.424219 0.175 0.2625
0 0.65 0.405469 0.175 0.3
0 0.84375 0.367969 0.3125 0.075
0 0.85625 0.349219 0.2875 0.1125
1 0.04375 0.367969 0.0875 0.45
1 0.0875 0.386719 0.1 0.4125
1 0.275 0.405469 0.225 0.375
1 0.5 0.424219 0.125 0.3375
1 0.05625 0.405469 0.1125 0.45
1 0.225 0.442969 0.125 0.3
1 0.325 0.405469 0.525 0.45
1 0.1 0.442969 0.125 0.375
1 0.225 0.499219 0.125 0.3375
1 0.2625 0.442969 0.4 0.45
1 0.6625 0.461719 0.15 0.2625
1 0.6625 0.517969 0.4 0.6
1 0.75625 0.517969 0.4875 0.6
1 0.275 0.480469 0.225 0.45
1 0.275 0.555469 0.375 0.6
1 0.375 0.574219 0.525 0.6375
1 0.5125 0.499219 0.15 0.4125
1 0.675 0.574219 0.225 0.5625
1 0.86875 0.667969 0.2625 0.375
1 0.2875 0.517969 0.35 0.45
1 0.3875 0.517969 0.55 0.45
1 0.8875 0.611719 0.2 0.2625
1 0.86875 0.611719 0.2625 0.2625
1 0.6875 0.574219 0.25 0.4125
1 0.875 0.611719 0.175 0.3375
1 0.0875 0.611719 0.15 0.4125
1 0.7 0.649219 0.225 0.3375
1 0.8375 0.649219 0.1 0.3375
1 0.05625 0.630469 0.1125 0.45
1 0.13125 0.649219 0.2625 0.4125
1 0.375 0.702734 0.525 0.594531
1 0.85 0.686719 0.125 0.4125
1 0.875 0.740234 0.175 0.519531
0 0.86875 0.758984 0.2625 0.482031
1 0.05 0.667969 0.075 0.45
1 0.05625 0.724219 0.1125 0.3375
0 0.15 0.777734 0.275 0.444531
1 0.7 0.724219 0.225 0.3375
1 0.04375 0.705469 0.0875 0.45
1 0.10625 0.705469 0.2125 0.45
0 0.13125 0.724219 0.2625 0.4875
0 0.1875 0.740234 0.35 0.519531
1 0.5125 0.705469 0.1 0.45
1 0.5375 0.667969 0.1 0.45
0 0.8625 0.761719 0.15 0.3375
0 0.86875 0.796484 0.2625 0.407031
0 0.30625 0.758984 0.6125 0.482031
1 0.2875 0.777734 0.5 0.444531
1 0.5375 0.761719 0.1 0.4125
0 0.8625 0.758984 0.15 0.482031
1 0.5125 0.796484 0.1 0.407031
0 0.85625 0.815234 0.2875 0.369531
1 0.7 0.796484 0.225 0.407031
0 0.925 0.815234 0.075 0.369531
1 0.325 0.833984 0.175 0.332031
1 0.375 0.815234 0.175 0.369531
1 0.3125 0.815234 0.35 0.369531
1 0.4375 0.815234 0.55 0.369531
1 0.4125 0.815234 0.3 0.369531
1 0.575 0.815234 0.325 0.369531
1 0.6625 0.815234 0.5 0.369531
1 0.725 0.833984 0.175 0.332031
1 0.8875 0.815234 0.15 0.369531
1 0.3875 0.871484 0.15 0.257031
1 0.69375 0.871484 0.6125 0.257031
1 0.6125 0.871484 0.4 0.257031
1 0.91875 0.833984 0.1625 0.332031
0 0.86875 0.833984 0.2625 0.332031
1 0.325 0.908984 0.175 0.182031
1 0.3875 0.908984 0.25 0.182031
1 0.91875 0.871484 0.1625 0.257031
0 0.85625 0.871484 0.2875 0.257031
1 0.90625 0.890234 0.1875 0.219531
0 0.79375 0.0527344 0.4125 0.105469
0 0.04375 0.108984 0.0875 0.217969
1 0.075 0.0902344 0.125 0.180469
1 0.18125 0.165234 0.3625 0.330469
1 0.04375 0.108984 0.0875 0.217969
1 0.05 0.127734 0.075 0.255469
1 0.075 0.127734 0.125 0.255469
1 0.375 0.146484 0.175 0.292969
1 0.4625 0.146484 0.2 0.292969
1 0.6 0.165234 0.325 0.330469
1 0.93125 0.165234 0.1375 0.330469
1 0.04375 0.146484 0.0875 0.292969
1 0.4375 0.0527344 0.35 0.105469
1 0.45 0.183984 0.375 0.367969
1 0.675 0.183984 0.125 0.367969
1 0.6625 0.146484 0.3 0.292969
1 0.78125 0.183984 0.4375 0.367969
1 0.65 0.202734 0.125 0.405469
1 0.7625 0.202734 0.3 0.405469
1 0.7875 0.146484 0.3 0.292969
1 0.075 0.221484 0.125 0.442969
1 0.3 0.240234 0.225 0.480469
1 0.65 0.221484 0.225 0.442969
1 0.6375 0.221484 0.55 0.442969
1 0.04375 0.202734 0.0875 0.405469
1 0.1125 0.221484 0.2 0.442969
1 0.8 0.240234 0.275 0.480469
0 0.90625 0.165234 0.1875 0.330469
1 0.04375 0.274219 0.0875 0.3375
0 0.05 0.274219 0.075 0.3375
1 0.2625 0.274219 0.15 0.3375
0 0.7125 0.333984 0.45 0.667969
1 0.175 0.255469 0.325 0.375
1 0.1625 0.330469 0.1 0.45
1 0.2125 0.330469 0.15 0.45
1 0.2625 0.349219 0.15 0.4875
0 0.84375 0.274219 0.3125 0.1875
1 0.175 0.349219 0.325 0.4875
1 0.2125 0.349219 0.2 0.4875
1 0.04375 0.367969 0.0875 0.375
0 0.05 0.367969 0.075 0.375
0 0.76875 0.424219 0.4625 0.4125
1 0.4125 0.424219 0.1 0.4875
0 0.5625 0.349219 0.35 0.3375
1 0.04375 0.442969 0.0875 0.375
1 0.05 0.424219 0.075 0.3375
0 0.175 0.424219 0.325 0.4875
1 0.18125 0.442969 0.3625 0.525
1 0.3625 0.442969 0.2 0.45
1 0.45 0.442969 0.175 0.45
0 0.5625 0.480469 0.35 0.375
0 0.81875 0.517969 0.3625 0.375
0 0.05 0.480469 0.075 0.375
1 0.4 0.480469 0.275 0.45
1 0.79375 0.536719 0.4125 0.4125
0 0.175 0.536719 0.325 0.5625
1 0.18125 0.517969 0.3625 0.525
0 0.20625 0.517969 0.4125 0.525
1 0.04375 0.555469 0.0875 0.375
0 0.05 0.555469 0.075 0.375
1 0.95625 0.592969 0.0875 0.45
0 0.125 0.574219 0.225 0.4875
1 0.3 0.592969 0.075 0.525
1 0.6125 0.611719 0.2 0.4875
1 0.94375 0.630469 0.1125 0.45
1 0.04375 0.630469 0.0875 0.375
1 0.3125 0.630469 0.1 0.525
1 0.5875 0.686719 0.25 0.3375
1 0.65 0.649219 0.175 0.4125
0 0.125 0.686719 0.225 0.4875
1 0.18125 0.667969 0.3625 0.525
1 0.325 0.686719 0.225 0.4875
1 0.325 0.667969 0.075 0.45
1 0.4625 0.686719 0.3 0.3375
1 0.91875 0.649219 0.1625 0.4125
1 0.04375 0.705469 0.0875 0.375
1 0.35 0.721484 0.125 0.557031
1 0.4 0.721484 0.225 0.557031
0 0.475 0.705469 0.325 0.375
0 0.5625 0.721484 0.5 0.557031
1 0.21875 0.740234 0.4375 0.519531
1 0.275 0.705469 0.325 0.525
0 0.6 0.761719 0.275 0.4125
0 0.6125 0.705469 0.25 0.375
1 0.85625 0.758984 0.2875 0.482031
1 0.04375 0.780469 0.0875 0.3
1 0.18125 0.758984 0.3625 0.482031
1 0.8875 0.761719 0.15 0.4125
0 0.125 0.777734 0.225 0.444531
0 0.90625 0.724219 0.1875 0.4125
1 0.85625 0.796484 0.2875 0.407031
1 0.3625 0.852734 0.2 0.294531
1 0.55 0.871484 0.175 0.257031
1 0.575 0.890234 0.175 0.219531
1 0.6 0.796484 0.475 0.407031
1 0.05625 0.855469 0.1125 0.225
0 0.11875 0.815234 0.2375 0.369531
1 0.275 0.815234 0.275 0.369531
1 0.4125 0.871484 0.3 0.257031
1 0.5875 0.871484 0.2 0.257031
1 0.625 0.871484 0.525 0.257031
1 0.675 0.815234 0.325 0.369531
1 0.7125 0.890234 0.3 0.219531
0 0.08125 0.890234 0.1625 0.219531
0 0.18125 0.833984 0.3625 0.332031
0 0.06875 0.871484 0.1375 0.257031
1 0.4625 0.946484 0.3 0.107031
1 0.06875 0.890234 0.1375 0.219531
0 0.20625 0.890234 0.4125 0.219531
0 0.18125 0.0527344 0.3625 0.105469
0 0.35 0.0714844 0.225 0.142969
0 0.7 0.127734 0.275 0.255469
0 0.7125 0.0714844 0.25 0.142969
1 0.95 0.0714844 0.075 0.142969
1 0.95625 0.0527344 0.0875 0.105469
0 0.0625 0.0714844 0.1 0.142969
1 0.05625 0.108984 0.1125 0.217969
1 0.11875 0.0714844 0.2375 0.142969
1 0.1 0.108984 0.175 0.217969
0 0.18125 0.183984 0.3625 0.367969
0 0.3375 0.0902344 0.5 0.180469
0 0.3625 0.202734 0.55 0.405469
0 0.6375 0.146484 0.35 0.292969
1 0.95 0.127734 0.075 0.255469
0 0.0625 0.127734 0.1 0.255469
1 0.18125 0.108984 0.3625 0.217969
0 0.19375 0.221484 0.3875 0.442969
0 0.3 0.221484 0.375 0.442969
0 0.4625 0.221484 0.5 0.442969
1 0.475 0.0714844 0.275 0.142969
1 0.675 0.165234 0.275 0.330469
0 0.79375 0.0902344 0.4125 0.180469
1 0.95625 0.127734 0.0875 0.255469
1 0.18125 0.221484 0.3625 0.442969
1 0.2375 0.165234 0.25 0.330469
0 0.3875 0.0902344 0.35 0.180469
1 0.5 0.105469 0.325 0.15
1 0.625 0.146484 0.175 0.292969
0 0.725 0.274219 0.325 0.4875
0 0.79375 0.124219 0.4125 0.1875
1 0.95625 0.161719 0.0875 0.2625
0 0.4375 0.0902344 0.45 0.180469
1 0.475 0.202734 0.275 0.405469
1 0.675 0.202734 0.275 0.405469
0 0.7 0.183984 0.275 0.367969
0 0.725 0.0902344 0.325 0.180469
1 0.90625 0.180469 0.1875 0.225
1 0.9375 0.217969 0.1 0.15
0 0.4 0.240234 0.175 0.480469
0 0.76875 0.240234 0.4625 0.480469
1 0.90625 0.274219 0.1875 0.3375
1 0.9375 0.274219 0.1 0.3375
1 0.18125 0.330469 0.3625 0.45
1 0.93125 0.292969 0.1375 0.375
1 0.1 0.236719 0.175 0.2625
1 0.20625 0.315234 0.4125 0.630469
1 0.7 0.274219 0.325 0.4875
1 0.80625 0.161719 0.3875 0.2625
1 0.80625 0.258984 0.3875 0.517969
1 0.86875 0.311719 0.2625 0.4125
1 0.1 0.292969 0.175 0.45
1 0.18125 0.236719 0.3625 0.1875
1 0.2625 0.236719 0.25 0.1875
1 0.35 0.236719 0.425 0.1875
1 0.35 0.405469 0.475 0.6
1 0.13125 0.236719 0.2625 0.2625
1 0.2625 0.29185 0.25 0.152237
1 0.35 0.274219 0.425 0.1875
1 0.35 0.386719 0.475 0.4125
1 0.80625 0.349219 0.3875 0.4875
1 0.1 0.292969 0.175 0.3
1 0.2625 0.386719 0.25 0.4875
1 0.8625 0.386719 0.25 0.4875
1 0.1 0.424219 0.175 0.4875
1 0.11875 0.367969 0.2375 0.3
1 0.20625 0.442969 0.4125 0.525
1 0.13125 0.611719 0.2625 0.6375
1 0.14375 0.517969 0.2875 0.45
1 0.3375 0.517969 0.2 0.525
1 0.06875 0.405469 0.1375 0.375
1 0.8625 0.517969 0.25 0.525
1 0.78125 0.608984 0.4375 0.782031
1 0.11875 0.442969 0.2375 0.375
1 0.8 0.592969 0.175 0.45
1 0.875 0.592969 0.225 0.45
1 0.78125 0.442969 0.4375 0.375
1 0.575 0.630469 0.175 0.525
1 0.6625 0.630469 0.3 0.525
1 0.625 0.592969 0.175 0.45
1 0.6875 0.611719 0.15 0.4125
1 0.7125 0.592969 0.1 0.375
1 0.7375 0.574219 0.15 0.4125
1 0.88125 0.461719 0.2375 0.4125
1 0.06875 0.665234 0.1375 0.669531
1 0.14375 0.665234 0.2875 0.669531
1 0.5125 0.649219 0.1 0.4125
1 0.5375 0.649219 0.1 0.4125
1 0.3875 0.777734 0.25 0.444531
1 0.075 0.705469 0.125 0.3
1 0.14375 0.777734 0.2875 0.444531
1 0.2125 0.796484 0.15 0.407031
1 0.425 0.796484 0.275 0.407031
1 0.425 0.796484 0.475 0.407031
1 0.5125 0.796484 0.45 0.407031
1 0.7 0.796484 0.125 0.407031
1 0.6 0.796484 0.325 0.407031
1 0.08125 0.777734 0.1625 0.444531
1 0.3875 0.742969 0.25 0.3
1 0.4625 0.777734 0.3 0.444531
1 0.725 0.796484 0.275 0.407031
1 0.25 0.777734 0.475 0.444531
1 0.35 0.777734 0.425 0.444531
1 0.6625 0.777734 0.4 0.444531
1 0.76875 0.683984 0.4625 0.632031
1 0.16875 0.0527344 0.3375 0.105469
1 0.3 0.0527344 0.525 0.105469
1 0.75 0.0527344 0.475 0.105469
1 0.84375 0.0527344 0.3125 0.105469
1 0.09375 0.146484 0.1875 0.292969
1 0.85625 0.0527344 0.2875 0.105469
1 0.0875 0.146484 0.15 0.292969
1 0.1875 0.221484 0.35 0.442969
1 0.25625 0.202734 0.5125 0.405469
1 0.3125 0.146484 0.6 0.292969
1 0.3875 0.221484 0.6 0.442969
1 0.4875 0.146484 0.6 0.292969
1 0.6125 0.146484 0.6 0.292969
1 0.6375 0.221484 0.6 0.442969
1 0.7875 0.146484 0.25 0.292969
1 0.74375 0.146484 0.5125 0.292969
1 0.83125 0.221484 0.3375 0.442969
1 0.85625 0.146484 0.2875 0.292969
1 0.05 0.221484 0.075 0.442969
1 0.08125 0.221484 0.1625 0.442969
1 0.13125 0.221484 0.2625 0.442969
1 0.21875 0.277734 0.4375 0.555469
1 0.3375 0.277734 0.65 0.555469
1 0.4625 0.277734 0.65 0.555469
1 0.5875 0.277734 0.65 0.555469
1 0.71875 0.277734 0.5625 0.555469
1 0.85625 0.277734 0.2875 0.555469
1 0.8625 0.221484 0.25 0.442969
1 0.03125 0.274219 0.0625 0.4875
1 0.0375 0.367969 0.05 0.525
1 0.83125 0.386719 0.3375 0.5625
1 0.85625 0.424219 0.2875 0.4875
1 0.04375 0.183984 0.0875 0.367969
1 0.7 0.183984 0.275 0.367969
1 0.8375 0.183984 0.3 0.367969
1 0.8875 0.183984 0.15 0.367969
1 0.8875 0.165234 0.1 0.330469
1 0.93125 0.165234 0.1375 0.330469
1 0.1375 0.221484 0.25 0.442969
1 0.1875 0.221484 0.25 0.442969
1 0.6 0.202734 0.475 0.405469
1 0.91875 0.202734 0.1625 0.405469
1 0.925 0.202734 0.125 0.405469
1 0.94375 0.202734 0.1125 0.405469
1 0.075 0.292969 0.125 0.45
1 0.14375 0.292969 0.2875 0.45
1 0.1875 0.292969 0.25 0.45
1 0.225 0.274219 0.275 0.4875
1 0.19375 0.274219 0.3875 0.4875
1 0.5375 0.292969 0.35 0.45
1 0.6125 0.274219 0.3 0.4875
1 0.6 0.274219 0.475 0.4875
1 0.425 0.311719 0.375 0.4125
1 0.18125 0.442969 0.3625 0.6
1 0.24375 0.367969 0.4875 0.3
1 0.2625 0.480469 0.5 0.525
1 0.3375 0.367969 0.5 0.3
1 0.375 0.442969 0.475 0.45
1 0.6 0.367969 0.275 0.525
1 0.6375 0.330469 0.45 0.375
1 0.75625 0.386719 0.4875 0.4875
1 0.78125 0.330469 0.4375 0.375
1 0.8375 0.330469 0.3 0.375
1 0.375 0.442969 0.275 0.525
1 0.625 0.442969 0.275 0.525
1 0.5875 0.442969 0.5 0.525
1 0.825 0.424219 0.275 0.4875
1 0.89375 0.424219 0.2125 0.4875
1 0.81875 0.424219 0.3625 0.4875
1 0.6875 0.405469 0.45 0.45
1 0.90625 0.424219 0.1875 0.4125
1 0.85625 0.424219 0.2875 0.4125
1 0.5 0.499219 0.425 0.4875
1 0.78125 0.592969 0.4375 0.6
1 0.86875 0.592969 0.2625 0.6
1 0.15625 0.536719 0.3125 0.4875
1 0.19375 0.630469 0.3875 0.6
1 0.275 0.630469 0.525 0.6
1 0.8 0.630469 0.375 0.6
1 0.08125 0.630469 0.1625 0.375
1 0.10625 0.721484 0.2125 0.557031
1 0.08125 0.555469 0.1625 0.375
1 0.08125 0.630469 0.1625 0.225
1 0.55 0.705469 0.525 0.375
1 0.6375 0.686719 0.65 0.4125
1 0.10625 0.667969 0.2125 0.225
1 0.08125 0.724219 0.1625 0.2625
1 0.08125 0.796484 0.1625 0.407031
1 0.16875 0.796484 0.3375 0.407031
1 0.8 0.758984 0.375 0.482031
1 0.5625 0.777734 0.35 0.444531
0 0.10625 0.777734 0.2125 0.444531
1 0.08125 0.833984 0.1625 0.332031
1 0.16875 0.833984 0.3375 0.332031
1 0.08125 0.815234 0.1625 0.369531
0 0.65 0.833984 0.325 0.332031
1 0.7 0.833984 0.475 0.332031
0 0.675 0.965234 0.225 0.0695313
0 0.6 0.927734 0.275 0.144531
1 0.0875 0.0527344 0.15 0.105469
1 0.09375 0.0152344 0.1875 0.0304687
0 0.1875 0.0527344 0.35 0.105469
0 0.21875 0.202734 0.4375 0.405469
1 0.6875 0.0527344 0.2 0.105469
0 0.775 0.0527344 0.375 0.105469
0 0.74375 0.0527344 0.5125 0.105469
1 0.75625 0.0527344 0.4875 0.105469
1 0.91875 0.0714844 0.1625 0.142969
1 0.1 0.108984 0.175 0.217969
1 0.06875 0.108984 0.1375 0.217969
0 0.1875 0.0714844 0.35 0.142969
0 0.89375 0.0714844 0.2125 0.142969
1 0.20625 0.124219 0.4125 0.1125
1 0.2375 0.0714844 0.25 0.142969
1 0.2875 0.146484 0.1 0.292969
1 0.3375 0.146484 0.15 0.292969
1 0.4125 0.146484 0.35 0.292969
1 0.675 0.0714844 0.175 0.142969
1 0.7875 0.0714844 0.35 0.142969
1 0.8375 0.165234 0.3 0.330469
1 0.04375 0.127734 0.0875 0.255469
1 0.1 0.108984 0.175 0.217969
1 0.15625 0.105469 0.3125 0.15
1 0.55 0.183984 0.075 0.367969
1 0.575 0.183984 0.125 0.367969
1 0.65 0.105469 0.175 0.15
1 0.675 0.124219 0.175 0.1875
1 0.7625 0.142969 0.35 0.15
1 0.8375 0.142969 0.25 0.225
1 0.8375 0.0902344 0.3 0.180469
1 0.05 0.146484 0.075 0.292969
1 0.08125 0.165234 0.1625 0.330469
1 0.23125 0.124219 0.4625 0.1875
1 0.4125 0.221484 0.35 0.442969
1 0.5375 0.202734 0.05 0.405469
1 0.7375 0.142969 0.35 0.225
1 0.85625 0.124219 0.2875 0.1875
1 0.91875 0.146484 0.1625 0.292969
1 0.04375 0.183984 0.0875 0.367969
1 0.1 0.183984 0.175 0.367969
1 0.1875 0.180469 0.25 0.3
1 0.7375 0.217969 0.35 0.3
1 0.76875 0.292969 0.4625 0.525
0 0.8375 0.183984 0.3 0.367969
0 0.85625 0.217969 0.2875 0.3
1 0.80625 0.199219 0.3875 0.1875
0 0.8375 0.180469 0.3 0.225
1 0.85 0.199219 0.275 0.2625
1 0.05 0.255469 0.075 0.45
1 0.7 0.255469 0.425 0.375
0 0.675 0.255469 0.525 0.375
1 0.08125 0.255469 0.1625 0.45
1 0.1 0.274219 0.175 0.4125
1 0.25 0.367969 0.125 0.3
1 0.525 0.274219 0.075 0.4875
1 0.725 0.386719 0.475 0.5625
0 0.83125 0.236719 0.3375 0.2625
1 0.04375 0.311719 0.0875 0.4125
1 0.1 0.349219 0.175 0.3375
1 0.2875 0.386719 0.2 0.3375
1 0.3375 0.292969 0.4 0.375
1 0.5375 0.311719 0.15 0.4875
1 0.7375 0.367969 0.35 0.3
0 0.75 0.292969 0.475 0.45
1 0.05 0.349219 0.075 0.4125
1 0.08125 0.386719 0.1625 0.3375
1 0.23125 0.349219 0.4625 0.2625
1 0.1625 0.405469 0.3 0.375
1 0.275 0.405469 0.125 0.375
1 0.7625 0.311719 0.35 0.4125
0 0.725 0.442969 0.475 0.675
0 0.83125 0.330469 0.3375 0.225
0 0.8375 0.292969 0.3 0.3
1 0.04375 0.386719 0.0875 0.4125
1 0.1 0.424219 0.175 0.4125
1 0.25625 0.424219 0.5125 0.4125
1 0.3125 0.349219 0.35 0.3375
0 0.725 0.349219 0.475 0.3375
1 0.05 0.424219 0.075 0.4125
1 0.55 0.442969 0.125 0.45
1 0.7875 0.386719 0.35 0.3375
1 0.08125 0.461719 0.1625 0.4125
1 0.24375 0.480469 0.4875 0.3
1 0.5625 0.480469 0.1 0.45
1 0.625 0.480469 0.425 0.45
1 0.05 0.499219 0.075 0.4125
1 0.1875 0.499219 0.35 0.2625
1 0.24375 0.574219 0.4875 0.4125
1 0.375 0.499219 0.475 0.2625
1 0.5625 0.517969 0.15 0.45
1 0.09375 0.555469 0.1875 0.45
1 0.1875 0.574219 0.35 0.4125
1 0.3375 0.574219 0.2 0.4125
1 0.5875 0.536719 0.2 0.4875
0 0.625 0.536719 0.425 0.4875
1 0.6875 0.536719 0.35 0.4875
0 0.84375 0.442969 0.3125 0.225
1 0.3125 0.611719 0.3 0.4125
1 0.6125 0.574219 0.25 0.4875
0 0.625 0.649219 0.425 0.6375
1 0.3 0.702734 0.275 0.594531
1 0.6375 0.630469 0.45 0.525
1 0.6875 0.686719 0.35 0.4125
1 0.81875 0.592969 0.3625 0.225
1 0.85625 0.574219 0.2875 0.1875
1 0.01875 0.761719 0.0375 0.3375
1 0.025 0.742969 0.025 0.225
1 0.08125 0.742969 0.1625 0.45
1 0.5 0.724219 0.325 0.2625
1 0.08125 0.777734 0.1625 0.444531
1 0.0875 0.796484 0.15 0.407031
1 0.6875 0.852734 0.35 0.294531
1 0.78125 0.852734 0.4375 0.294531
1 0.08125 0.833984 0.1625 0.332031
1 0.18125 0.833984 0.3625 0.332031
1 0.2875 0.833984 0.15 0.332031
1 0.3375 0.890234 0.2 0.219531
1 0.55 0.908984 0.425 0.182031
1 0.625 0.890234 0.325 0.219531
1 0.75625 0.890234 0.4875 0.219531
1 0.3125 0.890234 0.2 0.219531
1 0.475 0.927734 0.275 0.144531
1 0.04375 0.0902344 0.0875 0.180469
1 0.6 0.165234 0.225 0.330469
1 0.04375 0.165234 0.0875 0.330469
1 0.06875 0.146484 0.1375 0.292969
1 0.08125 0.146484 0.1625 0.292969
1 0.10625 0.165234 0.2125 0.330469
1 0.1875 0.165234 0.1 0.330469
1 0.2 0.183984 0.275 0.367969
1 0.225 0.183984 0.175 0.367969
1 0.2875 0.183984 0.3 0.367969
1 0.04375 0.236719 0.0875 0.3375
1 0.16875 0.258984 0.3375 0.517969
1 0.2625 0.240234 0.3 0.480469
1 0.10625 0.277734 0.2125 0.555469
1 0.3 0.221484 0.075 0.442969
1 0.3125 0.221484 0.1 0.442969
1 0.575 0.274219 0.225 0.3375
1 0.04375 0.311719 0.0875 0.3375
1 0.85 0.274219 0.125 0.4125
1 0.875 0.274219 0.125 0.4125
1 0.9125 0.274219 0.1 0.4125
1 0.3125 0.292969 0.05 0.375
1 0.10625 0.424219 0.2125 0.6375
1 0.3125 0.367969 0.05 0.45
1 0.3125 0.367969 0.1 0.525
1 0.45 0.386719 0.325 0.4875
1 0.575 0.386719 0.225 0.3375
1 0.10625 0.461719 0.2125 0.6375
1 0.4125 0.386719 0.2 0.4125
1 0.5 0.386719 0.075 0.4125
0 0.10625 0.499219 0.2125 0.6375
0 0.16875 0.424219 0.3375 0.4875
1 0.325 0.424219 0.075 0.4125
1 0.8 0.424219 0.225 0.4125
1 0.84375 0.442969 0.3125 0.45
1 0.90625 0.442969 0.1875 0.45
0 0.08125 0.480469 0.1625 0.45
0 0.16875 0.536719 0.3375 0.6375
1 0.525 0.424219 0.125 0.3375
1 0.5 0.480469 0.075 0.375
1 0.6125 0.405469 0.3 0.3
1 0.83125 0.499219 0.3375 0.4125
0 0.84375 0.461719 0.3125 0.4125
1 0.91875 0.555469 0.1625 0.525
0 0.10625 0.517969 0.2125 0.375
1 0.425 0.555469 0.325 0.525
1 0.5 0.536719 0.225 0.4875
1 0.55 0.536719 0.275 0.4875
1 0.575 0.611719 0.375 0.6375
1 0.7 0.536719 0.075 0.4875
1 0.7125 0.536719 0.05 0.4875
0 0.83125 0.611719 0.3375 0.6375
1 0.78125 0.611719 0.4375 0.6375
1 0.275 0.574219 0.275 0.4875
1 0.5875 0.574219 0.4 0.4125
1 0.7375 0.574219 0.15 0.4875
1 0.04375 0.649219 0.0875 0.3375
0 0.10625 0.611719 0.2125 0.4875
0 0.16875 0.683984 0.3375 0.632031
0 0.10625 0.649219 0.2125 0.1875
0 0.11875 0.721484 0.2375 0.557031
1 0.65 0.724219 0.325 0.4875
1 0.8375 0.724219 0.2 0.3375
1 0.4875 0.761719 0.35 0.4125
0 0.675 0.724219 0.175 0.4875
1 0.5875 0.683984 0.55 0.632031
0 0.55 0.833984 0.475 0.332031
1 0.5625 0.777734 0.35 0.444531
1 0.86875 0.777734 0.2625 0.444531
0 0.09375 0.761719 0.1875 0.2625
0 0.11875 0.815234 0.2375 0.369531
0 0.20625 0.815234 0.4125 0.369531
1 0.85625 0.852734 0.2875 0.294531
0 0.10625 0.799219 0.2125 0.3375
1 0.2875 0.796484 0.45 0.407031
0 0.5 0.833984 0.325 0.332031
0 0.85625 0.871484 0.2875 0.257031
0 0.06875 0.890234 0.1375 0.219531
0 0.16875 0.890234 0.3375 0.219531
0 0.5 0.965234 0.325 0.0695313
0 0.575 0.890234 0.525 0.219531
1 0.8 0.871484 0.175 0.257031
0 0.06875 0.702734 0.1375 0.594531
1 0.45 0.890234 0.225 0.219531
1 0.5 0.890234 0.175 0.219531
0 0.4875 0.946484 0.15 0.107031
0 0.575 0.965234 0.525 0.0695313
1 0.959375 0.960547 0.08125 0.0789063
0 0.959375 0.979297 0.08125 0.0414063
0 0.965625 0.979297 0.0687501 0.0414063
1 0.08125 0.0902344 0.1625 0.180469
1 0.1 0.0902344 0.175 0.180469
1 0.2625 0.0902344 0.15 0.180469
1 0.925 0.0902344 0.125 0.180469
1 0.04375 0.108984 0.0875 0.217969
1 0.09375 0.108984 0.1875 0.217969
1 0.35 0.108984 0.325 0.217969
1 0.4625 0.0902344 0.3 0.180469
1 0.6875 0.108984 0.35 0.217969
1 0.7625 0.108984 0.3 0.217969
1 0.76875 0.108984 0.4625 0.217969
1 0.925 0.127734 0.125 0.255469
1 0.08125 0.146484 0.1625 0.292969
1 0.18125 0.146484 0.3625 0.292969
1 0.3125 0.202734 0.3 0.405469
1 0.4625 0.217969 0.3 0.375
0 0.425 0.199219 0.225 0.3375
1 0.7125 0.217969 0.35 0.375
0 0.6875 0.217969 0.45 0.375
0 0.925 0.161719 0.125 0.2625
1 0.9375 0.146484 0.1 0.292969
1 0.04375 0.165234 0.0875 0.330469
1 0.1 0.165234 0.175 0.330469
1 0.20625 0.258984 0.4125 0.517969
1 0.6375 0.183984 0.3 0.367969
0 0.7125 0.142969 0.35 0.15
1 0.6875 0.217969 0.45 0.3
0 0.7375 0.124219 0.4 0.1125
0 0.4125 0.217969 0.45 0.3
0 0.93125 0.199219 0.1375 0.3375
1 0.8375 0.199219 0.3 0.3375
1 0.04375 0.236719 0.0875 0.3375
1 0.1 0.236719 0.175 0.3375
1 0.18125 0.236719 0.3625 0.3375
0 0.925 0.236719 0.125 0.3375
1 0.925 0.236719 0.125 0.3375
0 0.3625 0.405469 0.5 0.525
1 0.625 0.292969 0.275 0.525
1 0.55 0.277734 0.475 0.555469
1 0.04375 0.311719 0.0875 0.3375
1 0.18125 0.311719 0.3625 0.3375
0 0.675 0.330469 0.425 0.15
0 0.20625 0.405469 0.4125 0.225
0 0.4 0.480469 0.475 0.525
0 0.4625 0.405469 0.45 0.675
0 0.93125 0.349219 0.1375 0.3375
1 0.8375 0.349219 0.3 0.3375
1 0.09375 0.405469 0.1875 0.3
0 0.20625 0.367969 0.4125 0.15
1 0.04375 0.405469 0.0875 0.375
0 0.675 0.367969 0.425 0.15
0 0.93125 0.442969 0.1375 0.3
1 0.84375 0.424219 0.3125 0.3375
1 0.1 0.461719 0.175 0.3375
0 0.93125 0.499219 0.1375 0.3375
1 0.9375 0.480469 0.1 0.375
0 0.3375 0.630469 0.45 0.45
1 0.94375 0.517969 0.1125 0.375
1 0.04375 0.536719 0.0875 0.3375
1 0.1 0.536719 0.175 0.3375
0 0.325 0.555469 0.475 0.3
0 0.74375 0.461719 0.5125 0.2625
0 0.575 0.592969 0.525 0.3
1 0.09375 0.611719 0.1875 0.3375
1 0.3125 0.592969 0.5 0.375
1 0.575 0.665234 0.525 0.669531
1 0.04375 0.630469 0.0875 0.375
1 0.225 0.630469 0.375 0.3
1 0.09375 0.686719 0.1875 0.3375
1 0.04375 0.705469 0.0875 0.375
0 0.225 0.777734 0.375 0.444531
1 0.80625 0.815234 0.3875 0.369531
1 0.55 0.724219 0.525 0.4125
1 0.625 0.761719 0.475 0.3375
1 0.04375 0.780469 0.0875 0.375
1 0.1 0.799219 0.175 0.3375
1 0.225 0.817969 0.375 0.3
1 0.575 0.815234 0.525 0.369531
1 0.625 0.815234 0.475 0.369531
1 0.74375 0.780469 0.5125 0.3
1 0.81875 0.799219 0.3625 0.3375
1 0.05 0.796484 0.075 0.407031
1 0.09375 0.833984 0.1875 0.332031
1 0.225 0.852734 0.375 0.294531
1 0.55 0.833984 0.525 0.332031
1 0.04375 0.833984 0.0875 0.332031
1 0.03125 0.833984 0.0625 0.332031
1 0.0375 0.871484 0.05 0.257031
1 0.18125 0.890234 0.3625 0.219531
1 0.20625 0.927734 0.4125 0.144531
1 0.7375 0.946484 0.5 0.107031
