0 0.6875 0.0681601 0.4 0.13632
0 0.7125 0.0872927 0.45 0.174585
0 0.85625 0.0872927 0.2875 0.174585
0 0.225 0.202089 0.425 0.404177
1 0.275 0.144691 0.375 0.289381
0 0.6 0.221221 0.425 0.442443
0 0.625 0.0872927 0.275 0.174585
0 0.85625 0.106425 0.2875 0.212851
0 0.86875 0.106425 0.2625 0.212851
1 0.225 0.163823 0.275 0.327647
0 0.5875 0.221221 0.4 0.442443
0 0.3125 0.182956 0.4 0.365912
0 0.2375 0.202089 0.25 0.404177
0 0.275037 0.202089 0.325073 0.404177
0 0.3625 0.221221 0.25 0.442443
0 0.90625 0.0980549 0.1875 0.0765307
1 0.425 0.221221 0.425 0.442443
0 0.525 0.221221 0.425 0.442443
1 0.650023 0.240352 0.324954 0.480705
0 0.90625 0.289381 0.1875 0.535714
0 0.90625 0.202089 0.1875 0.404177
0 0.5375 0.316885 0.25 0.633769
0 0.6125 0.316885 0.399999 0.633769
0 0.90625 0.308514 0.1875 0.497449
0 0.8375 0.308514 0.3 0.57398
0 0.900007 0.231983 0.175014 0.420918
0 0.7375 0.385045 0.25 0.65051
0 0.80625 0.385045 0.3875 0.65051
0 0.7375 0.327647 0.45 0.612245
0 0.887516 0.316385 0.0500324 0.513191
0 0.93125 0.327647 0.1375 0.459184
0 0.4625 0.461575 0.25 0.497449
0 0.5375 0.499841 0.4 0.65051
0 0.55 0.461575 0.275 0.57398
0 0.3875 0.499841 0.35 0.57398
0 0.619595 0.499841 0.31419 0.57398
0 0.675 0.518973 0.225 0.612245
0 0.575002 0.557239 0.225005 0.535714
1 0.600192 0.557239 0.275384 0.535714
0 0.88125 0.538557 0.2375 0.42182
0 0.048934 0.710779 0.0736947 0.536672
0 0.5625 0.672034 0.4 0.459184
1 0.914259 0.740354 0.171481 0.519292
0 0.7375 0.778619 0.25 0.442761
0 0.80625 0.778619 0.3875 0.442761
1 0.80625 0.759487 0.3875 0.481027
0 0.75 0.797752 0.275 0.404496
1 0.825 0.797752 0.275 0.404496
1 0.7375 0.797752 0.25 0.404496
1 0.91875 0.816885 0.1625 0.366231
1 0.953749 0.816885 0.0827961 0.366231
0 0.1875 0.836017 0.35 0.327966
1 0.848626 0.83309 0.172252 0.333821
1 0.841671 0.836017 0.291657 0.327966
1 0.91875 0.836017 0.1625 0.327966
1 0.95609 0.836017 0.0878203 0.327966
0 0.13125 0.836017 0.2625 0.327966
0 0.25 0.85515 0.425 0.2897
1 0.275 0.85515 0.275 0.2897
1 0.312527 0.85515 0.300054 0.2897
1 0.387512 0.85515 0.249975 0.2897
1 0.4875 0.85515 0.2 0.2897
1 0.619497 0.85515 0.164091 0.2897
1 0.662503 0.85515 0.150007 0.2897
1 0.959375 0.984295 0.08125 0.0314094
1 0.04375 0.125558 0.0875 0.251116
1 0.93125 0.125558 0.1375 0.251116
1 0.025 0.125558 0.025 0.251116
1 0.025 0.202089 0.025 0.404177
1 0.1375 0.202089 0.15 0.404177
1 0.175 0.202089 0.175 0.404177
1 0.2125 0.202089 0.1 0.404177
1 0.075 0.221221 0.125 0.442443
1 0.2 0.221221 0.275 0.442443
1 0.19375 0.202089 0.3875 0.404177
1 0.2125 0.212851 0.2 0.382653
1 0.15625 0.212851 0.3125 0.382653
1 0.21875 0.212851 0.4375 0.382653
1 0.20625 0.346779 0.4125 0.65051
1 0.5125 0.270249 0.15 0.420918
0 0.175 0.289381 0.325 0.459184
1 0.04375 0.327647 0.0875 0.382653
0 0.1125 0.346779 0.2 0.267857
1 0.04375 0.404177 0.0875 0.306122
1 0.08125 0.385045 0.1625 0.267857
0 0.075 0.385045 0.125 0.267857
0 0.18125 0.365912 0.3625 0.229592
1 0.91875 0.365912 0.1625 0.382653
1 0.04375 0.461575 0.0875 0.344388
1 0.08125 0.461575 0.1625 0.344388
1 0.1875 0.42331 0.35 0.191327
1 0.4125 0.42331 0.1 0.420918
1 0.6125 0.385045 0.2 0.344388
1 0.90625 0.499841 0.1875 0.420918
1 0.075 0.42331 0.125 0.191327
1 0.14375 0.461575 0.2875 0.267857
1 0.3625 0.442443 0.2 0.382653
1 0.4375 0.461575 0.1 0.344388
1 0.5125 0.42331 0.15 0.344388
1 0.5875 0.499841 0.2 0.497449
1 0.7 0.499841 0.375 0.497449
1 0.8125 0.499841 0.15 0.497449
1 0.8625 0.499841 0.1 0.497449
1 0.04375 0.557239 0.0875 0.306122
1 0.18125 0.499841 0.3625 0.267857
1 0.14375 0.576371 0.2875 0.420918
1 0.375 0.442443 0.175 0.306122
1 0.525 0.595504 0.275 0.612245
1 0.3875 0.595504 0.35 0.612245
1 0.6625 0.538106 0.5 0.57398
1 0.85 0.557239 0.275 0.612245
1 0.45 0.633769 0.425 0.612245
1 0.6375 0.633769 0.25 0.612245
1 0.75 0.614636 0.475 0.65051
1 0.04375 0.652902 0.0875 0.420918
1 0.3 0.652902 0.075 0.344388
1 0.10625 0.652902 0.2125 0.420918
1 0.3375 0.672034 0.15 0.382653
1 0.4125 0.652902 0.2 0.420918
0 0.75 0.7103 0.375 0.306122
1 0.03125 0.691167 0.0625 0.420918
0 0.6 0.729432 0.475 0.344388
1 0.04375 0.729432 0.0875 0.420918
1 0.15625 0.729432 0.3125 0.420918
1 0.2625 0.729432 0.15 0.420918
1 0.3625 0.729432 0.1 0.420918
1 0.5 0.7103 0.375 0.382653
1 0.06875 0.748565 0.1375 0.382653
1 0.1375 0.748565 0.15 0.382653
1 0.2 0.748565 0.075 0.382653
1 0.3 0.767698 0.225 0.420918
1 0.5 0.767698 0.375 0.267857
0 0.475 0.78683 0.475 0.306122
1 0.08125 0.778619 0.1625 0.442761
1 0.10625 0.778619 0.2125 0.442761
1 0.3625 0.78683 0.1 0.229592
0 0.475 0.729432 0.475 0.344388
1 0.14375 0.797752 0.2875 0.404496
1 0.2125 0.816885 0.1 0.366231
1 0.3625 0.836017 0.1 0.327966
1 0.45 0.836017 0.225 0.327966
1 0.5 0.836017 0.375 0.327966
0 0.475 0.85515 0.475 0.2897
0 0.55 0.874283 0.525 0.251435
0 0.6875 0.797752 0.35 0.404496
0 0.7875 0.85515 0.35 0.2897
1 0.15625 0.816885 0.3125 0.366231
1 0.2 0.836017 0.075 0.327966
1 0.25 0.836017 0.175 0.327966
1 0.5625 0.893415 0.5 0.21317
1 0.78125 0.85515 0.4375 0.2897
1 0.7875 0.85515 0.35 0.2897
1 0.2 0.85515 0.075 0.2897
1 0.2625 0.85515 0.15 0.2897
1 0.5 0.893415 0.375 0.21317
1 0.2125 0.874283 0.1 0.251435
1 0.475 0.874283 0.475 0.251435
1 0.6 0.874283 0.475 0.251435
0 0.8625 0.230788 0.275 0.461575
0 0.8875 0.230788 0.225 0.461575
