0 0.11875 0.0298948 0.2375 0.0597895
0 0.15625 0.0681601 0.3125 0.13632
0 0.16875 0.0872927 0.3375 0.174585
1 0.5375 0.0298948 0.35 0.0597895
1 0.5625 0.0872927 0.35 0.174585
0 0.14375 0.0298948 0.2875 0.0597895
1 0.06875 0.182956 0.1375 0.365912
1 0.25 0.174585 0.225 0.306122
1 0.3875 0.193718 0.25 0.344388
1 0.425 0.174585 0.225 0.306122
1 0.4875 0.163823 0.25 0.327647
1 0.5375 0.163823 0.25 0.327647
1 0.05 0.193718 0.075 0.344388
1 0.0875 0.193718 0.1 0.344388
1 0.08125 0.193718 0.1625 0.344388
1 0.3875 0.144691 0.25 0.289381
1 0.4375 0.163823 0.25 0.327647
1 0.525 0.163823 0.325 0.327647
1 0.5875 0.221221 0.3 0.442443
1 0.0625 0.202089 0.05 0.404177
1 0.1 0.202089 0.125 0.404177
1 0.1125 0.231983 0.15 0.344388
1 0.15 0.231983 0.175 0.344388
1 0.0375 0.231983 0.05 0.344388
1 0.075 0.231983 0.125 0.344388
1 0.08125 0.231983 0.1625 0.344388
1 0.125 0.193718 0.175 0.344388
1 0.08125 0.289381 0.1625 0.229592
1 0.325 0.346779 0.175 0.267857
1 0.375 0.346779 0.075 0.267857
1 0.16875 0.42331 0.3375 0.267857
1 0.18125 0.385045 0.3625 0.191327
1 0.20625 0.480708 0.4125 0.382653
1 0.04375 0.576371 0.0875 0.420918
1 0.11875 0.499841 0.2375 0.191327
1 0.91875 0.480708 0.1625 0.382653
1 0.04375 0.614636 0.0875 0.267857
1 0.05 0.614636 0.075 0.344388
1 0.08125 0.518973 0.1625 0.153061
1 0.1375 0.518973 0.25 0.153061
1 0.88125 0.499841 0.2375 0.344388
1 0.08125 0.499841 0.1625 0.267857
0 0.16875 0.518973 0.3375 0.306122
0 0.175 0.633769 0.325 0.535714
1 0.84375 0.518973 0.3125 0.306122
1 0.84375 0.721221 0.3125 0.557557
1 0.2625 0.797752 0.1 0.404496
1 0.2625 0.797752 0.15 0.404496
1 0.325 0.797752 0.125 0.404496
1 0.3375 0.748565 0.15 0.306122
1 0.15625 0.844228 0.3125 0.191327
1 0.2875 0.816885 0.15 0.366231
1 0.81875 0.816885 0.3625 0.366231
1 0.3125 0.836017 0.25 0.327966
1 0.3375 0.836017 0.3 0.327966
1 0.3625 0.836017 0.2 0.327966
1 0.4375 0.836017 0.3 0.327966
1 0.45 0.836017 0.475 0.327966
1 0.575 0.836017 0.275 0.327966
1 0.14375 0.893415 0.2875 0.21317
1 0.2375 0.931681 0.3 0.136639
1 0.2625 0.874283 0.3 0.251435
1 0.725 0.950813 0.275 0.0983737
1 0.8125 0.931681 0.2 0.136639
1 0.8125 0.950813 0.25 0.0983737
1 0.971875 0.974729 0.05625 0.0505421
1 0.1 0.0872927 0.175 0.174585
1 0.075 0.0872927 0.075 0.174585
0 0.45 0.0107621 0.375 0.0215242
0 0.80625 0.0107621 0.3875 0.0215242
0 0.88125 0.0107621 0.2375 0.0215242
0 0.84375 0.0298948 0.3125 0.0597895
1 0.93125 0.106425 0.1375 0.212851
0 0.3625 0.0107621 0.25 0.0215242
0 0.3875 0.0107621 0.15 0.0215242
0 0.83125 0.0490274 0.3375 0.0980548
0 0.8375 0.0298948 0.3 0.0597895
1 0.0625 0.0980548 0.05 0.0765306
0 0.8375 0.144691 0.3 0.289381
1 0.93125 0.144691 0.1375 0.289381
1 0.0625 0.174585 0.05 0.306122
1 0.2 0.0980548 0.075 0.153061
1 0.2125 0.117188 0.1 0.114796
1 0.3 0.117188 0.175 0.191327
1 0.2625 0.117188 0.2 0.191327
1 0.3125 0.117188 0.1 0.191327
0 0.675 0.182956 0.475 0.365912
0 0.775 0.182956 0.375 0.365912
0 0.78125 0.0490274 0.4375 0.0980548
0 0.80625 0.0490274 0.3875 0.0980548
1 0.15 0.13632 0.125 0.153061
1 0.2 0.13632 0.075 0.153061
1 0.2375 0.13632 0.1 0.153061
1 0.2875 0.13632 0.15 0.153061
0 0.275 0.117188 0.175 0.114796
1 0.475 0.202089 0.175 0.404177
1 0.7625 0.202089 0.35 0.404177
0 0.9375 0.13632 0.1 0.153061
1 0.6 0.182956 0.175 0.365912
1 0.7 0.182956 0.175 0.365912
0 0.9375 0.0872927 0.1 0.174585
1 0.0625 0.270249 0.05 0.420918
1 0.2125 0.212851 0.1 0.229592
1 0.4 0.231983 0.125 0.344388
1 0.6 0.251116 0.175 0.229592
1 0.76875 0.182956 0.4625 0.365912
1 0.79375 0.308514 0.4125 0.344388
1 0.05 0.327647 0.025 0.382653
1 0.075 0.327647 0.075 0.382653
1 0.1125 0.327647 0.15 0.382653
1 0.175 0.327647 0.075 0.382653
1 0.1875 0.270249 0.1 0.267857
1 0.2375 0.231983 0.05 0.191327
1 0.25 0.289381 0.075 0.306122
1 0.5625 0.327647 0.15 0.382653
1 0.6 0.327647 0.175 0.382653
1 0.7125 0.327647 0.35 0.382653
1 0.2 0.251116 0.075 0.153061
1 0.25 0.251116 0.125 0.153061
0 0.225 0.289381 0.325 0.306122
1 0.4375 0.251116 0.05 0.229592
1 0.65 0.346779 0.475 0.420918
1 0.76875 0.404177 0.4625 0.535714
1 0.79375 0.346779 0.4125 0.65051
1 0.725 0.327647 0.475 0.306122
1 0.5625 0.404177 0.15 0.459184
1 0.6 0.404177 0.175 0.459184
0 0.925 0.404177 0.125 0.382653
1 0.6 0.404177 0.425 0.535714
1 0.15 0.499841 0.125 0.420918
1 0.1875 0.461575 0.1 0.344388
1 0.79375 0.461575 0.4125 0.497449
0 0.925 0.480708 0.125 0.382653
1 0.1125 0.538106 0.15 0.420918
1 0.10625 0.576371 0.2125 0.344388
1 0.16875 0.538106 0.3375 0.420918
1 0.0875 0.499841 0.1 0.344388
1 0.125 0.557239 0.175 0.306122
1 0.5375 0.614636 0.05 0.420918
1 0.5875 0.652902 0.15 0.420918
1 0.0875 0.633769 0.1 0.306122
1 0.1 0.691167 0.125 0.420918
1 0.6 0.595504 0.175 0.382653
1 0.78125 0.595504 0.4375 0.459184
1 0.93125 0.652902 0.1375 0.344388
1 0.65 0.614636 0.275 0.344388
1 0.725 0.633769 0.475 0.306122
1 0.78125 0.672034 0.4375 0.306122
1 0.25 0.729432 0.475 0.344388
1 0.6625 0.767698 0.3 0.267857
1 0.65 0.767698 0.475 0.267857
1 0.78125 0.740354 0.4375 0.519292
1 0.79375 0.729432 0.4125 0.497449
1 0.5125 0.729432 0.2 0.267857
1 0.6625 0.729432 0.25 0.267857
1 0.93125 0.797752 0.1375 0.404496
1 0.24375 0.767698 0.4875 0.191327
1 0.15 0.78683 0.225 0.153061
1 0.1625 0.729432 0.25 0.267857
1 0.16875 0.729432 0.3375 0.267857
1 0.18125 0.767698 0.3625 0.191327
1 0.5125 0.778619 0.5 0.442761
1 0.1375 0.874283 0.25 0.251435
1 0.18125 0.85515 0.3625 0.2897
1 0.15625 0.874283 0.3125 0.251435
1 0.25 0.874283 0.475 0.251435
1 0.10625 0.893415 0.2125 0.21317
